sqrt2 = 1.4142135623731 should equal 2 when sqrt2^2 = 2
5root2 = 1.14869835499704 and 5root2^5 = 2
exp(pi) = 23.1406926327793
pi^e = 22.459157718361
gamma(1) = 0.999999989064903
gamma(11) = 3628799.98539848
