Generating a random lenght:6 vector (b) and size:6x6 matrix (A):
Preparing {m}x{m} matrix (R) and a copy of A (Q). Decomb used on matrix (Q).
Is QR = A: True
Is T(Q)Q equal to 1: True
Is R upper triangular: True

   Because n=6<10 Various matrixes are printed:

   b:
     0.249      0.111      0.467      0.772      0.658      0.433 

   A:

     0.354      0.944      0.101      0.642     0.0286      0.248 
      0.32       0.99      0.682      0.655      0.283      0.615 
     0.704      0.702       0.95     0.0934      0.161      0.382 
     0.798      0.169      0.794      0.307      0.823      0.886 
     0.556      0.717      0.699     0.0136      0.992      0.806 
     0.859     0.0625      0.514      0.525      0.273      0.994 

   Q:

     0.228      0.534     -0.744    -0.0555    -0.0482     -0.322 
     0.206      0.589      0.341      0.666       0.08       0.21 
     0.454      0.151      0.374     -0.341     -0.707     -0.126 
     0.514     -0.314      0.175      0.188      0.382     -0.652 
     0.359      0.245      0.134      -0.58      0.568      0.366 
     0.553     -0.431     -0.377      0.255     -0.153      0.527 

   R:

      1.55       1.12       1.54      0.778       1.07       1.65 
         0       1.29        0.3      0.424     0.0734     0.0438 
         0          0      0.551     -0.362       0.31     0.0573 
         0          0          0      0.553     -0.219      0.219 
         0          0          0          0      0.743      0.412 
         0          0          0          0          0      0.242 

   T(Q)Q. T(Q)Q should be equal to I:

         1   1.39e-16  -3.33e-16  -4.16e-16  -5.55e-17          0 
  1.39e-16          1  -1.67e-16  -3.47e-16  -8.33e-17   5.55e-16 
 -3.33e-16  -1.67e-16          1  -1.39e-17   2.08e-17  -1.67e-16 
 -4.16e-16  -3.47e-16  -1.39e-17          1  -2.78e-17   3.33e-16 
 -5.55e-17  -8.33e-17   2.08e-17  -2.78e-17          1   1.39e-17 
         0   5.55e-16  -1.67e-16   3.33e-16   1.39e-17          1 

   QR. QR should be equal to A:

     0.354      0.944      0.101      0.642     0.0286      0.248 
      0.32       0.99      0.682      0.655      0.283      0.615 
     0.704      0.702       0.95     0.0934      0.161      0.382 
     0.798      0.169      0.794      0.307      0.823      0.886 
     0.556      0.717      0.699     0.0136      0.992      0.806 
     0.859     0.0625      0.514      0.525      0.273      0.994 

Solveing the differential equation Rx=T(Q)b. Solution x = 
     0.986    -0.0348    -0.0952      0.118      0.705     -0.621 
Checking that x is a solution by calculating Ax. Ax should be equal to b if the matrix is square:
     0.249      0.111      0.467      0.772      0.658      0.433 
Inverse of A:

      1.55      -2.04      0.811      0.677     -0.187      0.113 
     0.458    -0.0671       0.24       -1.2      0.921      0.161 
     -1.13       1.21      0.662      0.916     -0.973     -0.746 
     0.693      0.715     -0.672        2.2      -1.68      -0.96 
     0.673     -0.373     -0.662       2.01    -0.0749      -1.41 
     -1.33      0.867     -0.522       -2.7       1.52       2.18 
Checking that AB = 1;

         1  -3.33e-16   3.61e-16          0   2.78e-16   2.22e-16 
         0          1  -1.67e-16  -4.44e-16   1.11e-16          0 
  4.44e-16  -8.33e-16          1   2.22e-16   2.22e-16  -2.22e-16 
         0  -1.44e-15   1.11e-16          1   2.22e-16  -2.22e-16 
  4.44e-16          0          0          0          1          0 
         0  -3.33e-16          0          0          0          1 
Checking that BA = 1;

         1   7.36e-16   1.39e-15    1.8e-16    1.1e-15   1.08e-15 
  9.99e-16          1   1.36e-15   1.21e-15   6.94e-16   1.47e-15 
 -1.78e-15  -2.65e-15          1  -1.72e-15  -1.28e-15  -2.11e-15 
 -1.33e-15     -4e-15     -2e-15          1   -1.5e-15  -2.33e-15 
 -4.44e-16  -2.07e-15  -6.66e-16  -1.44e-15          1  -6.66e-16 
  4.44e-16   3.22e-15   8.88e-16      2e-15   6.66e-16          1 
